1.000000000000000000e+04 1.370561926792541918e+01
5.994842503189408453e+05 1.826610743873074938e+01
3.593813663804625720e+07 2.282659560953607780e+01
2.154434690031877995e+09 2.738708378034139912e+01
1.291549665014882660e+11 3.194757195114673465e+01
7.742636826811277344e+12 3.650806012195206307e+01
4.641588833612772500e+14 4.106854829275739149e+01
2.782559402207114400e+16 4.562903646356271281e+01
1.668100537200055808e+18 5.018952463436804123e+01
1.000000000000000000e+20 5.475001280517337676e+01
