1.000000000000000000e+04 3.196849443072816754e+01
5.994842503189408453e+05 3.403157241275914657e+01
3.593813663804625720e+07 3.609465039479012916e+01
2.154434690031877995e+09 3.815772837682111174e+01
1.291549665014882660e+11 4.022080635885209432e+01
7.742636826811277344e+12 4.228388434088307690e+01
4.641588833612772500e+14 4.434696232291405238e+01
2.782559402207114400e+16 4.641004030494503496e+01
1.668100537200055808e+18 4.847311828697601754e+01
1.000000000000000000e+20 5.053619626900700723e+01
