1.000000000000000000e+04 5.591342300021511136e+01
5.994842503189408453e+05 5.324227992874341453e+01
3.593813663804625720e+07 5.057113685727172481e+01
2.154434690031877995e+09 4.789999378580003508e+01
1.291549665014882660e+11 4.522885071432833826e+01
7.742636826811277344e+12 4.255770764285664853e+01
4.641588833612772500e+14 3.988656457138495881e+01
2.782559402207114400e+16 3.721542149991326909e+01
1.668100537200055808e+18 3.454427842844157226e+01
1.000000000000000000e+20 3.187313535696987898e+01
